0.011610 0.000000
0.023220 0.000000
0.034830 0.000000
0.046440 160.765579
0.058050 136.181076
0.069660 135.944962
0.081270 136.724533
0.092880 115.013054
0.104490 160.765579
0.116100 115.168213
0.127710 51.799034
0.139320 51.698265
0.150930 52.016968
0.162540 52.323845
0.174150 52.673481
0.185760 52.995224
0.197370 53.152283
0.208980 53.190910
0.220590 53.242493
0.232200 53.268951
0.243810 53.311180
0.255420 53.391632
0.267029 53.431458
0.278639 53.666645
0.290249 54.254299
0.301859 55.089828
0.313469 55.753521
0.325079 56.328766
0.336689 56.378105
0.348299 56.404297
0.359909 56.388657
0.371519 56.344894
0.383129 56.110394
0.394739 55.868397
0.406349 55.679821
0.417959 55.577950
0.429569 55.555092
0.441179 55.534576
0.452789 55.805710
0.464399 59.366081
0.476009 59.236626
0.487619 59.143517
0.499229 58.826202
0.510839 58.800072
0.522449 58.781204
0.534059 58.721786
0.545669 58.627659
0.557279 58.532883
0.568889 60.439949
0.580499 60.855461
0.592109 60.809334
0.603719 60.855873
0.615329 58.715546
0.626939 58.954239
0.638549 0.000000
0.650159 59.283451
0.661769 60.035545
0.673379 0.000000
0.684989 0.000000
0.696599 58.827843
0.708209 58.825436
0.719819 58.706818
0.731429 61.536194
0.743039 59.021812
0.754649 42.008816
0.766259 24.380199
0.777868 24.388201
0.789478 40.270142
0.801088 31.845116
0.812698 31.740528
0.824308 31.523193
0.835918 31.325024
0.847528 31.326057
0.859138 31.225006
0.870748 31.234924
0.882358 34.619556
0.893968 34.649750
0.905578 35.020142
0.917188 35.067757
0.928798 35.323460
0.940408 32.795700
0.952018 60.893543
0.963628 60.995247
0.975238 61.035492
0.986848 61.015297
0.998458 74.210388
1.010068 60.950352
1.021678 60.929665
1.033288 60.929840
1.044898 60.978985
1.056508 61.034698
1.068118 61.042542
1.079728 61.022324
1.091338 61.045700
1.102948 61.034607
1.114558 60.962318
1.126168 43.772072
1.137778 44.444225
1.149388 43.943420
1.160998 47.011139
1.172608 116.787018
1.184218 117.534554
1.195828 43.715401
1.207438 116.835388
1.219048 115.834229
1.230658 115.244820
1.242268 115.252319
1.253878 114.598358
1.265488 63.413872
1.277098 63.281113
1.288707 63.254501
1.300317 63.247917
1.311927 63.161125
1.323537 63.061508
1.335147 62.996185
1.346757 62.907150
1.358367 62.886780
1.369977 62.815186
1.381587 62.770630
1.393197 62.752907
1.404807 62.761749
1.416417 62.758919
1.428027 62.783852
1.439637 62.907860
1.451247 63.098618
1.462857 63.079849
1.474467 63.102173
1.486077 63.618919
1.497687 50.915810
1.509297 0.000000
1.520907 44.483971
1.532517 64.234055
1.544127 0.000000
1.555737 0.000000
1.567347 0.000000
1.578957 21.115248
1.590567 30.095833
1.602177 26.590424
1.613787 160.765579
1.625397 160.765579
1.637007 45.856785
1.648617 38.622593
1.660227 59.322704
1.671837 59.094337
1.683447 58.968781
1.695057 59.059517
1.706667 58.933846
1.718277 58.847546
1.729887 58.988697
1.741497 58.787830
1.753107 58.604874
1.764717 58.786446
1.776327 58.972923
1.787937 52.615181
1.799546 49.472870
1.811156 39.526859
1.822766 39.093086
1.834376 37.357903
1.845986 37.195545
1.857596 19.532827
1.869206 30.196960
1.880816 31.357883
1.892426 31.526661
1.904036 31.492496
1.915646 31.742439
1.927256 31.642105
1.938866 27.290390
1.950476 25.037788
1.962086 37.066566
1.973696 27.336370
1.985306 33.137383
1.996916 33.085674
2.008526 33.065731
2.020136 33.297958
2.031746 33.365276
2.043356 115.242661
2.054966 115.199005
2.066576 115.034790
2.078186 114.915710
2.089796 114.679367
2.101406 114.666397
2.113016 114.738945
2.124626 114.624985
2.136236 115.190720
2.147846 39.575016
2.159456 39.323620
2.171066 60.147869
2.182676 59.964924
2.194286 60.297523
2.205896 60.176754
2.217506 60.146679
2.229116 60.204079
2.240726 60.527908
2.252336 160.765579
2.263946 40.963333
2.275556 40.080750
2.287166 118.271515
2.298776 118.065491
2.310385 118.982506
2.321995 120.283569
2.333605 121.195145
2.345215 123.430847
2.356825 124.486481
2.368435 31.713074
2.380045 30.359383
2.391655 31.730915
2.403265 33.446327
2.414875 35.320972
2.426485 19.726654
2.438095 31.873817
2.449705 31.857456
2.461315 60.319851
2.472925 60.463657
2.484535 60.542992
2.496145 60.184448
2.507755 59.871544
2.519365 60.214890
2.530975 60.225876
2.542585 60.429512
2.554195 61.537346
2.565805 61.906555
2.577415 59.624802
2.589025 59.633652
2.600635 60.787544
2.612245 61.482933
2.623855 118.859871
2.635465 118.756332
2.647075 119.188568
2.658685 119.764343
2.670295 120.454033
2.681905 120.820435
2.693515 121.842148
2.705125 60.985588
2.716735 101.054031
2.728345 58.601082
2.739955 57.951450
2.751565 58.116268
2.763175 58.313404
2.774785 58.527252
2.786395 58.722511
2.798005 58.845783
2.809615 58.861343
2.821224 58.914398
2.832834 58.963326
2.844444 59.076408
2.856054 59.303833
2.867664 59.401764
2.879274 59.431709
2.890884 47.662346
2.902494 48.990288
2.914104 50.410835
2.925714 49.750725
2.937324 49.390022
2.948934 49.698700
2.960544 49.857391
2.972154 50.191120
2.983764 50.401176
2.995374 46.919209
3.006984 56.915001
3.018594 56.971909
3.030204 56.983681
3.041814 56.665375
3.053424 56.603683
3.065034 56.461006
3.076644 56.419945
3.088254 56.621468
3.099864 56.686764
3.111474 56.743378
3.123084 56.802258
3.134694 57.834152
3.146304 58.431396
3.157914 42.367912
3.169524 24.398891
3.181134 40.219234
3.192744 39.607403
3.204354 32.167507
3.215964 31.888626
3.227574 31.819576
3.239184 31.752613
3.250794 31.656361
3.262404 32.552479
3.274014 35.191505
3.285624 35.282093
3.297234 35.272110
3.308844 32.339058
3.320454 32.546108
3.332063 60.348709
3.343673 60.531761
3.355283 60.792786
3.366893 60.902374
3.378503 60.942043
3.390113 60.991653
3.401723 60.990108
3.413333 60.920914
3.424943 60.885235
3.436553 60.879623
3.448163 60.859161
3.459773 60.907532
3.471383 61.031258
3.482993 61.080040
3.494603 61.103889
3.506213 61.149704
3.517823 61.135468
3.529433 61.068985
3.541043 61.051186
3.552653 60.859650
3.564263 60.487976
3.575873 59.605232
3.587483 49.488499
3.599093 59.156990
3.610703 51.689766
3.622313 62.605232
3.633923 63.023338
3.645533 75.587669
3.657143 75.694183
3.668753 75.745941
3.680363 75.786232
3.691973 75.866508
3.703583 75.792282
3.715193 75.807892
3.726803 75.751488
3.738413 75.399643
3.750023 75.656006
3.761633 75.427765
3.773243 62.953323
3.784853 62.985405
3.796463 63.659805
3.808073 64.199005
3.819683 64.219597
3.831293 62.998329
3.842902 86.729355
3.854512 86.896469
3.866122 0.000000
3.877732 0.000000
3.889342 0.000000
3.900952 29.337120
3.912562 0.000000
3.924172 0.000000
3.935782 0.000000
3.947392 0.000000
3.959002 62.711273
3.970612 30.082626
3.982222 62.703125
3.993832 62.871849
4.005442 33.392216
4.017052 37.242882
4.028662 160.765579
4.040272 52.414364
4.051882 17.359287
4.063492 31.957436
4.075102 39.196098
4.086712 39.270782
4.098322 39.432659
4.109932 51.053421
4.121542 51.106030
4.133152 51.023918
4.144762 51.112747
4.156372 51.156563
4.167982 51.150818
4.179592 51.159721
4.191202 63.295830
4.202812 43.634441
4.214422 38.980511
4.226032 38.351521
4.237642 38.227982
4.249252 36.968544
4.260862 18.812248
4.272472 30.956436
4.284082 31.499943
4.295692 31.457600
4.307302 31.662048
4.318912 31.883415
4.330522 32.021065
4.342132 32.608505
4.353741 33.316326
4.365351 36.772285
4.376961 33.077972
4.388571 33.118927
4.400181 32.934669
4.411791 33.194225
4.423401 34.191803
4.435011 102.984177
4.446621 103.064804
4.458231 114.713516
4.469841 114.848694
4.481451 114.754898
4.493061 114.778587
4.504671 114.760986
4.516281 114.571182
4.527891 114.497978
4.539501 102.555679
4.551111 102.706619
4.562721 34.626347
4.574331 59.716537
4.585941 60.121704
4.597551 59.714027
4.609161 59.510147
4.620771 59.397362
4.632381 59.438026
4.643991 58.733444
4.655601 43.164970
4.667211 39.060829
4.678821 39.012054
4.690431 38.840439
4.702041 38.423550
4.713651 30.897827
4.725261 31.122883
4.736871 31.235977
4.748481 31.199127
4.760091 31.308502
4.771701 33.557404
4.783311 34.541122
4.794921 34.799255
4.806531 34.788559
4.818141 35.064709
4.829751 59.931503
4.841361 60.022118
4.852971 60.117584
4.864580 59.965469
4.876190 59.923294
4.887800 59.677780
4.899410 59.246933
4.911020 59.017376
4.922630 58.900532
4.934240 58.798386
4.945850 58.813328
4.957460 58.982231
4.969070 59.239277
4.980680 59.420322
4.992290 59.607155
5.003900 59.447399
5.015510 59.254883
5.027120 59.212795
5.038730 59.060108
5.050340 58.886787
5.061950 58.753166
5.073560 58.621620
5.085170 58.559746
5.096780 58.590828
5.108390 58.848625
5.120000 59.158367
5.131610 59.493744
5.143220 59.665501
5.154830 59.754425
5.166440 59.740425
5.178050 59.545563
5.189660 59.360931
5.201270 59.125980
5.212880 58.868809
5.224490 58.837639
5.236100 59.007980
5.247710 59.204178
5.259320 59.399689
5.270930 59.553688
5.282540 59.496788
5.294150 59.357445
5.305760 59.126213
5.317370 58.769989
5.328980 58.650551
5.340590 58.482090
5.352200 58.752743
5.363810 59.154213
5.375420 59.600014
5.387029 59.920753
5.398639 60.067757
5.410249 60.103317
5.421859 34.434376
5.433469 34.997459
5.445079 35.339302
5.456689 25.591999
5.468299 31.438847
5.479909 40.897533
5.491519 45.810001
5.503129 44.061546
5.514739 44.084618
5.526349 160.765579
5.537959 160.765579
5.549569 46.259567
5.561179 24.719475
5.572789 24.731766
5.584399 39.419662
5.596009 36.192104
5.607619 32.349762
5.619229 32.008026
5.630839 30.782433
5.642449 30.857834
5.654059 30.892307
5.665669 32.179855
5.677279 34.857380
5.688889 34.988281
5.700499 35.104206
5.712109 59.570595
5.723719 59.476032
5.735329 59.431328
5.746939 59.411720
5.758549 59.387222
5.770159 59.822060
5.781769 60.210182
5.793379 125.649231
5.804989 125.515076
5.816599 125.552551
5.828209 125.587891
5.839819 125.555573
5.851429 125.470337
5.863039 125.270477
5.874649 124.979942
5.886259 59.758675
5.897868 59.464050
5.909478 59.383415
5.921088 59.445374
5.932698 59.256859
5.944308 59.070503
5.955918 59.064949
5.967528 58.959263
5.979138 59.043129
5.990748 59.243233
6.002358 59.342232
6.013968 59.527451
6.025578 59.791573
6.037188 36.988602
6.048798 59.785263
6.060408 59.765533
6.072018 59.338387
6.083628 59.396950
6.095238 59.319134
6.106848 59.101448
6.118458 59.192814
6.130068 59.098198
6.141678 58.928383
6.153288 59.032463
6.164898 71.297188
6.176508 71.191071
6.188118 71.163307
6.199728 71.178459
6.211338 71.126900
6.222948 71.124771
6.234558 71.054047
6.246168 70.706062
6.257778 70.846870
6.269388 71.082123
6.280998 71.287376
6.292608 71.413132
6.304218 71.469513
6.315828 71.449333
6.327438 71.427216
6.339048 71.331696
6.350658 71.243462
6.362268 71.155579
6.373878 58.882061
6.385488 58.872314
6.397098 58.900528
6.408707 58.952995
6.420317 59.009869
6.431927 59.145504
6.443537 46.715401
6.455147 47.195755
6.466757 59.286289
6.478367 59.236877
6.489977 59.337677
6.501587 59.235867
6.513197 59.207096
6.524807 59.199516
6.536417 58.893345
6.548027 58.954414
6.559637 59.009346
6.571247 59.189400
6.582857 59.283798
6.594467 59.472488
6.606077 41.383125
6.617687 40.622398
6.629297 40.330463
6.640907 38.246750
6.652517 36.773239
6.664127 30.920715
6.675737 30.922890
6.687347 30.942749
6.698957 31.110138
6.710567 31.381409
6.722177 31.370716
6.733787 35.165810
6.745397 25.017963
6.757007 36.934105
6.768617 27.353195
6.780227 33.090195
6.791837 33.095215
6.803447 33.115746
6.815057 33.170475
6.826667 33.213558
6.838277 27.362328
6.849887 28.602581
6.861497 30.053017
6.873107 30.068848
6.884717 30.153687
6.896327 30.137840
6.907937 39.145256
6.919546 39.051208
6.931156 38.944401
6.942766 38.730316
6.954376 37.059593
6.965986 36.937164
6.977596 36.954056
6.989206 36.828247
7.000816 36.843323
7.012426 36.879135
7.024036 36.876553
7.035646 55.841248
7.047256 160.765579
7.058866 18.807079
7.070476 38.781879
7.082086 38.680504
7.093696 38.573662
7.105306 38.462418
7.116916 30.699860
7.128526 31.168053
7.140136 31.689552
7.151746 31.663921
7.163356 31.931503
7.174966 32.049217
7.186576 33.997509
7.198186 119.429398
7.209796 119.258858
7.221406 118.506424
7.233016 118.596634
7.244626 117.937660
7.256236 117.524292
7.267846 117.204376
7.279456 116.707237
7.291066 29.334351
7.302676 29.359562
7.314286 31.996788
7.325896 29.387856
7.337506 25.042973
7.349116 35.270996
7.360726 61.449219
7.372336 61.445496
7.383946 62.221603
7.395556 62.229187
7.407166 62.223381
7.418776 59.529774
7.430385 59.506287
7.441995 59.255768
7.453605 59.402218
7.465215 59.068439
7.476825 59.160522
7.488435 59.245548
7.500045 59.234425
7.511655 59.294525
7.523265 59.273117
7.534875 59.337143
7.546485 58.890045
7.558095 58.904678
7.569705 58.880482
7.581315 58.929329
7.592925 58.708199
7.604535 58.894852
7.616145 58.923317
7.627755 58.982933
7.639365 58.951458
7.650975 160.765579
7.662585 30.020470
7.674195 29.922825
7.685805 42.033451
7.697415 52.023918
7.709025 53.274239
7.720635 51.836048
7.732245 104.589035
7.743855 115.784561
7.755465 115.750511
7.767075 115.904022
7.778685 115.777420
7.790295 115.614098
7.801905 104.738968
7.813515 104.593071
7.825125 104.259613
7.836735 104.560318
7.848345 54.403412
7.859955 54.331982
7.871565 54.306320
7.883175 54.237686
7.894785 53.954056
7.906395 54.014168
7.918005 53.921204
7.929615 55.413242
7.941224 50.947884
7.952834 41.754631
7.964444 24.718929
7.976054 24.639244
7.987664 39.008186
7.999274 34.168480
8.010884 32.478653
8.022494 30.686024
8.034104 30.689751
8.045714 30.776810
8.057324 31.660797
8.068934 31.867207
8.080544 32.879902
8.092154 34.992748
8.103764 37.178352
8.115374 37.327415
8.126984 37.464012
8.138594 49.611534
8.150204 49.707703
8.161814 37.861073
8.173424 49.929588
8.185034 49.977211
8.196644 49.861244
8.208254 49.830517
8.219864 49.811211
8.231474 49.833549
8.243084 49.799904
8.254694 49.766121
8.266304 61.100845
8.277914 61.083984
8.289524 61.117752
8.301134 61.012352
8.312744 61.011261
8.324354 60.982780
8.335964 60.929615
8.347574 61.072830
8.359184 61.095268
8.370794 61.219215
8.382404 61.213455
8.394014 61.148903
8.405624 60.995262
8.417234 60.650406
8.428844 60.980270
8.440454 125.118698
8.452063 125.194351
8.463673 125.168182
8.475283 125.243088
8.486893 125.205170
8.498503 125.095154
8.510113 125.083054
8.521723 124.678818
8.533333 124.568130
8.544943 124.842697
8.556553 60.214722
8.568163 61.402405
8.579773 59.930157
8.591383 59.908531
8.602993 59.652412
8.614603 59.332191
8.626213 59.133003
8.637823 59.128883
8.649433 59.317963
8.661043 59.732254
8.672653 60.171089
8.684263 60.618782
8.695873 60.848984
8.707483 72.926292
8.719093 73.255623
8.730703 60.980804
8.742313 60.922615
8.753923 60.829758
8.765533 60.745090
8.777143 60.696648
8.788753 60.670860
8.800363 60.635826
8.811973 60.547520
8.823583 60.509731
8.835193 59.866081
8.846803 59.923874
8.858413 41.018448
8.870023 60.058170
8.881633 60.086136
8.893243 59.987198
8.904853 59.963989
8.916463 59.480087
8.928073 58.856720
8.939683 58.466019
8.951293 58.410172
8.962902 58.388527
8.974512 58.595432
8.986122 58.721123
8.997732 56.993431
9.009342 40.404915
9.020952 40.728634
9.032562 37.500416
9.044172 40.836514
9.055782 37.314236
9.067392 32.935425
9.079002 32.579880
9.090612 32.571609
9.102222 32.553478
9.113832 32.625053
9.125442 36.428238
9.137052 36.765755
9.148662 36.985443
9.160272 37.313751
9.171882 37.484886
9.183492 33.490047
9.195102 61.592987
9.206712 61.486824
9.218322 61.291595
9.229932 61.102081
9.241542 61.026642
9.253152 60.949684
9.264762 61.237091
9.276372 61.345200
9.287982 61.480011
9.299592 61.468628
9.311202 61.453445
9.322812 61.348129
9.334422 61.141014
9.346032 61.206909
9.357642 61.044975
9.369252 61.603828
9.380862 61.929657
9.392472 37.554985
9.404082 37.802753
9.415692 38.284184
9.427302 39.029415
9.438912 160.765579
9.450522 160.765579
9.462132 39.483864
9.473741 38.740902
9.485351 37.504562
9.496961 36.945480
9.508571 19.383347
9.520181 30.376263
9.531791 31.173599
9.543401 31.403038
9.555011 31.259876
9.566621 31.823086
9.578231 31.045959
9.589841 23.286158
9.601451 33.224339
9.613061 36.180984
9.624671 26.783186
9.636281 29.448566
9.647891 27.221889
9.659501 31.643242
9.671111 32.028019
9.682721 32.059242
9.694331 27.066246
9.705941 31.953743
9.717551 32.055603
9.729161 31.986881
9.740771 31.586479
9.752381 29.517754
9.763991 27.459520
9.775601 26.660885
9.787211 30.213326
9.798821 56.193317
9.810431 55.597588
9.822041 54.389679
9.833651 53.697659
9.845261 53.682182
9.856871 53.694939
9.868481 53.688721
9.880091 54.194492
9.891701 54.810135
9.903311 55.513664
9.914921 56.056107
9.926531 56.446053
9.938141 56.718487
9.949751 56.881050
9.961361 56.919968
9.972971 56.785412
9.984580 56.655853
9.996190 56.353683
10.007800 56.228683
10.019410 55.880070
10.031020 55.664810
10.042630 56.414783
10.054240 57.486549
10.065850 58.515137
10.077460 59.024792
10.089070 59.405376
10.100680 59.554195
10.112290 59.557312
10.123900 59.464771
10.135510 59.335892
10.147120 59.207909
10.158730 58.980415
10.170340 58.919758
10.181950 58.991943
10.193560 59.342766
10.205170 59.702477
10.216780 59.932926
10.228390 60.298450
10.240000 60.519211
10.251610 60.398952
10.263220 59.944160
10.274830 60.098682
10.286440 60.017838
10.298050 60.016907
10.309660 113.143547
10.321270 123.799713
10.332880 123.640717
10.344490 122.931122
10.356100 123.176376
10.367710 24.823174
10.379320 24.991888
10.390930 41.126976
10.402540 34.379810
10.414150 31.451080
10.425760 31.202766
10.437370 31.075249
10.448980 31.194618
10.460590 31.421516
10.472200 31.792015
10.483810 34.688625
10.495420 35.453751
10.507029 60.489288
10.518639 60.628357
10.530249 60.992905
10.541859 61.256653
10.553469 61.375938
10.565079 61.428787
10.576689 61.436462
10.588299 61.419899
10.599909 61.295174
10.611519 61.253151
10.623129 61.297058
10.634739 61.340134
10.646349 61.334839
10.657959 61.347343
10.669569 61.206001
10.681179 46.853485
10.692789 120.313187
10.704399 118.118568
10.716009 117.452797
10.727619 116.412537
10.739229 116.037613
10.750839 115.407921
10.762449 115.136230
10.774059 103.516388
10.785669 103.424042
10.797279 103.276360
10.808889 43.964520
10.820499 43.532558
10.832109 44.092285
10.843719 35.325691
10.855329 63.114243
10.866939 63.166397
10.878549 63.275497
10.890159 63.267998
10.901769 63.237930
10.913379 63.211960
10.924989 63.172226
10.936599 63.183113
10.948209 63.243187
10.959819 75.686310
10.971429 74.797874
10.983039 74.822052
10.994649 63.299118
11.006259 63.245735
11.017868 63.165924
11.029478 64.567184
11.041088 64.548958
11.052698 87.687805
11.064308 0.000000
11.075918 0.000000
11.087528 0.000000
11.099138 0.000000
11.110748 0.000000
11.122358 0.000000
11.133968 25.184204
11.145578 32.197773
11.157188 0.000000
11.168798 0.000000
11.180408 29.543457
11.192018 29.516708
11.203628 160.765579
11.215238 160.765579
11.226848 160.765579
11.238458 160.765579
11.250068 31.277126
11.261678 47.223003
11.273288 59.067055
11.284898 58.906494
11.296508 59.041695
11.308118 58.794441
11.319728 58.777931
11.331338 58.925949
11.342948 58.654121
11.354558 58.511444
11.366168 58.765717
11.377778 58.991627
11.389388 51.209801
11.400998 50.073246
11.412608 39.547546
11.424218 39.100479
11.435828 37.257416
11.447438 37.044724
11.459048 19.531273
11.470658 30.204403
11.482268 31.385872
11.493878 31.504379
11.505488 31.484707
11.517098 31.741699
11.528707 31.625984
11.540317 27.293480
11.551927 33.151524
11.563537 27.310564
11.575147 27.352026
11.586757 33.087933
11.598367 33.074524
11.609977 33.108685
11.621587 33.147732
11.633197 33.185032
11.644807 30.138409
11.656417 49.493828
11.668027 33.200218
11.679637 27.392574
11.691247 60.869511
11.702857 60.087181
11.714467 60.025124
11.726077 59.865383
11.737687 59.690331
11.749297 59.586353
11.760907 59.437363
11.772517 59.162064
11.784127 59.026760
11.795737 59.061172
11.807347 58.813126
11.818957 58.696163
11.830567 58.673958
11.842177 58.803078
11.853787 42.552933
11.865397 39.528507
11.877007 37.811829
11.888617 38.383156
11.900227 37.210915
11.911837 29.949112
11.923447 31.093563
11.935057 31.352661
11.946667 31.170891
11.958277 31.760941
11.969887 31.837906
11.981497 19.181274
11.993107 19.927282
12.004717 18.056814
12.016327 18.515285
12.027937 18.634325
12.039546 18.835573
12.051156 17.248150
12.062766 25.089460
12.074376 34.761158
12.085986 58.822071
12.097596 58.734291
12.109206 58.749550
12.120816 58.742348
12.132426 58.780144
12.144036 58.885910
12.155646 59.157227
12.167256 59.232361
12.178866 59.703522
12.190476 59.742508
12.202086 59.720341
12.213696 59.752182
12.225306 59.609390
12.236916 59.656746
12.248526 124.395905
12.260136 123.872887
12.271746 122.630836
12.283356 121.830780
12.294966 121.190216
12.306576 121.059929
12.318186 120.516296
12.329796 119.750496
12.341406 61.134506
12.353016 59.112152
12.364626 59.056656
12.376236 58.976738
12.387846 58.869919
12.399456 58.749825
12.411066 58.636322
12.422676 58.513126
12.434286 58.480415
12.445896 58.537663
12.457506 58.678604
12.469116 59.179321
12.480726 59.463833
12.492336 59.628082
12.503946 59.606834
12.515556 59.577724
12.527166 59.405586
12.538776 59.145710
12.550385 58.917194
12.561995 58.701508
12.573605 58.556042
12.585215 58.532307
12.596825 58.608650
12.608435 58.818111
12.620045 59.059906
12.631655 59.376106
12.643265 59.594612
12.654875 59.623413
12.666485 59.625099
12.678095 59.550369
12.689705 59.358749
12.701315 59.177368
12.712925 59.086662
12.724535 59.092674
12.736145 59.331131
12.747755 47.912876
12.759365 16.774033
12.770975 24.845310
12.782585 40.338959
12.794195 40.292671
12.805805 33.266304
12.817415 31.969128
12.829025 31.966984
12.840635 33.094620
12.852245 33.084110
12.863855 33.200050
12.875465 34.536865
12.887075 32.553551
12.898685 32.933243
12.910295 33.175652
12.921905 60.817078
12.933515 61.117233
12.945125 61.233917
12.956735 61.259552
12.968345 61.186401
12.979955 61.084694
12.991565 61.011719
13.003175 60.931606
13.014785 60.913570
13.026395 60.975151
13.038005 61.043900
13.049615 61.109291
13.061224 61.268448
13.072834 61.317612
13.084444 61.305054
13.096054 61.343269
13.107664 61.231689
13.119274 61.103767
13.130884 61.020233
13.142494 60.647179
13.154104 60.355488
13.165714 59.851547
13.177324 49.531418
13.188934 50.037781
13.200544 49.979359
13.212154 51.572021
13.223764 33.407040
13.235374 50.006111
13.246984 61.483170
13.258594 61.505913
13.270204 61.536713
13.281814 61.456543
13.293424 61.320389
13.305034 61.259949
13.316644 61.193947
13.328254 61.244080
13.339864 61.401688
13.351474 61.623276
13.363084 61.876892
13.374694 74.316788
13.386304 74.696480
13.397914 74.792480
13.409524 75.051056
13.421134 75.201630
13.432744 75.117073
13.444354 75.287460
13.455964 75.206558
13.467574 75.083977
13.479184 75.165421
13.490794 75.005699
13.502404 75.053635
13.514014 75.142769
13.525624 74.945648
13.537234 74.806595
13.548844 62.043396
13.560454 61.602348
13.572063 61.410934
13.583673 61.346527
13.595283 61.292053
13.606893 61.174339
13.618503 60.794670
13.630113 60.247410
13.641723 59.442497
13.653333 58.962204
13.664943 58.767349
13.676553 58.698921
13.688163 58.688747
13.699773 58.685326
13.711383 58.671719
13.722993 58.704842
13.734603 58.732216
13.746213 58.745003
13.757823 58.753410
13.769433 58.705360
13.781043 58.706165
13.792653 59.489056
13.804263 43.815018
13.815873 39.457138
13.827483 38.549530
13.839093 38.627590
13.850703 37.041470
13.862313 28.856770
13.873923 31.501053
13.885533 31.417229
13.897143 31.147163
13.908753 31.298576
13.920363 31.102547
13.931973 31.324089
13.943583 35.108440
13.955193 36.193184
13.966803 36.537518
13.978413 32.639175
13.990023 32.618069
14.001633 32.104843
14.013243 32.934555
14.024853 33.013489
14.036463 33.006191
14.048073 60.617580
14.059683 61.174751
14.071293 61.335999
14.082902 61.351379
14.094512 32.997677
14.106122 33.040695
14.117732 33.131542
14.129342 33.206001
14.140952 37.223560
14.152562 36.739628
14.164172 33.044437
14.175782 32.815083
14.187392 32.915283
14.199002 32.992775
14.210612 36.674709
14.222222 33.203377
14.233832 61.964348
14.245442 52.520264
14.257052 42.439388
14.268662 39.425510
14.280272 38.932907
14.291882 38.253929
14.303492 37.655231
14.315102 30.312099
14.326712 31.017258
14.338322 31.325863
14.349932 31.358704
14.361542 31.974693
14.373152 31.897129
14.384762 32.476578
14.396372 33.479401
14.407982 34.509041
14.419592 26.116682
14.431202 28.453465
14.442812 28.440929
14.454422 28.122261
14.466032 31.624088
14.477642 32.062786
14.489252 27.069620
14.500862 29.007690
14.512472 32.197971
14.524082 29.894714
14.535692 32.301689
14.547302 66.063026
14.558912 66.031937
14.570522 66.027130
14.582132 66.441254
14.593741 66.421844
14.605351 66.425751
14.616961 66.512390
14.628571 66.668762
14.640181 67.976311
14.651791 68.278709
14.663401 68.145256
14.675011 68.118774
14.686621 68.150444
14.698231 68.123764
14.709841 68.149078
14.721451 68.134552
14.733061 68.078156
14.744671 67.966217
14.756281 67.584579
14.767891 66.401215
14.779501 66.229645
14.791111 66.216125
14.802721 66.271141
14.814331 66.187668
14.825941 54.206627
14.837551 54.208542
14.849161 54.340286
14.860771 54.365536
14.872381 54.406258
14.883991 54.392624
14.895601 54.984367
14.907211 57.869202
14.918821 57.939629
14.930431 102.008125
14.942041 102.139557
14.953651 28.187000
14.965261 28.187283
14.976871 35.251438
14.988481 55.663124
15.000091 56.745201
15.011701 57.832863
15.023311 56.422874
15.034921 55.689274
15.046531 55.940437
15.058141 55.998173
15.069751 56.089828
15.081361 56.114464
15.092971 56.175644
15.104580 28.604675
15.116190 53.199429
15.127800 160.765579
15.139410 160.765579
15.151020 42.228172
15.162630 25.013454
15.174240 24.989719
15.185850 42.725677
15.197460 34.704048
15.209070 34.593311
15.220680 32.519142
15.232290 32.023514
15.243900 30.503887
15.255510 30.581867
15.267120 30.898811
15.278730 34.761002
15.290340 35.155270
15.301950 35.436764
15.313560 60.166939
15.325170 59.777679
15.336780 59.854881
15.348390 59.762318
15.360000 59.653648
15.371610 59.373909
15.383220 59.134392
15.394830 59.017078
15.406440 58.880047
15.418050 59.240192
15.429660 59.424488
15.441270 59.698608
15.452880 59.725307
15.464490 59.952660
15.476100 59.939129
15.487710 59.849876
15.499320 59.767811
15.510930 59.480682
15.522540 59.356258
15.534150 59.001144
15.545760 59.184769
15.557370 59.594963
15.568980 59.872822
15.580590 60.476242
15.592200 60.666107
15.603810 60.921921
15.615420 61.173355
15.627029 61.154099
15.638639 49.122196
15.650249 60.482430
15.661859 59.586670
15.673469 59.367615
15.685079 59.379555
15.696689 59.309837
15.708299 59.145531
15.719909 59.271915
15.731519 59.097656
15.743129 58.952896
15.754739 58.782700
15.766349 58.794239
15.777959 58.942581
15.789569 58.934406
15.801179 58.973038
15.812789 58.930855
15.824399 58.886398
15.836009 58.821957
15.847619 58.594803
15.859229 58.493332
15.870839 58.475361
15.882449 58.571720
15.894059 58.734520
15.905669 58.841824
15.917279 58.996529
15.928889 59.028206
15.940499 59.015038
15.952109 58.999153
15.963719 58.940746
15.975329 58.859196
15.986939 58.798813
15.998549 58.707333
16.010159 58.635284
16.021769 58.647682
16.033379 58.867088
16.044989 59.182060
16.056599 59.334389
16.068209 59.313137
16.079819 59.298328
16.091429 59.194664
16.103039 59.059959
16.114649 59.066002
16.126259 58.998039
16.137868 58.930527
16.149478 58.984978
16.161088 59.023716
16.172698 59.247559
16.184308 59.965931
16.195918 50.489811
16.207528 40.427174
16.219138 40.268902
16.230748 40.087822
16.242358 39.956421
16.253968 38.577248
16.265578 30.868195
16.277188 30.871223
16.288798 30.832115
16.300408 30.869331
16.312018 31.861847
16.323628 34.414818
16.335238 33.292988
16.346848 25.089390
16.358458 35.385872
16.370068 28.554310
16.381678 33.290268
16.393288 33.253784
16.404898 31.443405
16.416508 33.308079
16.428118 33.279301
16.439728 60.059086
16.451338 59.859798
16.462948 60.185955
16.474558 60.402821
16.486168 60.658836
16.497778 60.172470
16.509388 60.097816
16.520998 59.764221
16.532608 59.671410
16.544218 59.561428
16.555828 59.345268
16.567438 59.147198
16.579048 58.963680
16.590658 58.836815
16.602268 58.800900
16.613878 58.921242
16.625488 59.092842
16.637098 59.384209
16.648707 47.482033
16.660317 40.447441
16.671927 40.076099
16.683537 40.016628
16.695147 39.228462
16.706757 19.427208
16.718367 30.353447
16.729977 30.966480
16.741587 31.607265
16.753197 31.663967
16.764807 32.154274
16.776417 33.304943
16.788027 28.402287
16.799637 59.764244
16.811247 59.653667
16.822857 59.541000
16.834467 59.483543
16.846077 59.235237
16.857687 58.838272
16.869297 57.969780
16.880907 57.077980
16.892517 56.444290
16.904127 56.104561
16.915737 56.025246
16.927347 56.038101
16.938957 56.140377
16.950567 56.186890
16.962177 56.246124
16.973787 57.173698
16.985397 60.713848
16.997007 60.692802
17.008617 62.199745
17.020227 61.789398
17.031837 62.051315
17.043447 62.118362
17.055057 62.005157
17.066667 61.825623
17.078277 61.726334
17.089887 61.274200
17.101497 55.892769
17.113107 55.935341
17.124717 56.038643
17.136327 56.078331
17.147937 56.200584
17.159546 56.193512
17.171156 56.361870
17.182766 56.435616
17.194376 57.885017
17.205986 58.832779
17.217596 58.681847
17.229206 58.877895
17.240816 58.908516
17.252426 160.765579
17.264036 37.006989
17.275646 48.856781
17.287256 48.991066
17.298866 49.053978
17.310476 49.017204
17.322086 49.089439
17.333696 49.083191
17.345306 48.997246
17.356916 49.079338
17.368526 49.079567
17.380136 49.043209
17.391746 49.096588
17.403356 49.116745
17.414966 49.151047
17.426576 49.409485
17.438186 49.872082
17.449796 50.014492
17.461406 0.000000
17.473016 50.149986
17.484626 50.207306
17.496236 50.146935
17.507846 50.116299
17.519456 46.599945
17.531066 61.029289
17.542676 60.794983
17.554286 42.255764
17.565896 24.748266
17.577506 24.847069
17.589116 36.761120
17.600726 33.158035
17.612336 31.512463
17.623946 31.054688
17.635556 30.902264
17.647166 31.348446
17.658776 31.453358
17.670385 31.904003
17.681995 32.778160
17.693605 36.927349
17.705215 32.662369
17.716825 32.735214
17.728435 32.804863
17.740045 37.429665
17.751655 37.360004
17.763265 49.863815
17.774875 49.904762
17.786485 49.649391
17.798095 49.744873
17.809705 49.765060
17.821315 49.717453
17.832925 49.770939
17.844535 49.711853
17.856145 49.742661
17.867755 49.795269
17.879365 49.769516
17.890975 49.812042
17.902585 49.779099
17.914195 49.774139
17.925805 49.827751
17.937415 49.810349
17.949025 49.857140
17.960635 49.847778
17.972245 49.844193
17.983855 50.020134
17.995465 50.284302
18.007075 50.798367
18.018685 50.969193
18.030295 32.269474
18.041905 32.562248
18.053515 49.125240
18.065125 60.969116
18.076735 61.024895
18.088345 49.387154
18.099955 61.065109
18.111565 61.412369
18.123175 61.445236
18.134785 60.513863
18.146395 59.907883
18.158005 41.220993
18.169615 56.751625
18.181224 56.172287
18.192834 58.103016
18.204444 58.081047
18.216054 55.830803
18.227664 54.763329
18.239274 54.785965
18.250884 54.731430
18.262494 54.630066
18.274104 54.549316
18.285714 54.499409
18.297324 58.084572
18.308934 120.924698
18.320544 120.580788
18.332154 120.244476
18.343764 120.000916
18.355374 119.979828
18.366984 119.955963
18.378594 120.244522
18.390204 120.637207
18.401814 120.738831
18.413424 121.081352
18.425034 122.201912
18.436644 124.148254
18.448254 124.372574
18.459864 57.309299
18.471474 56.658951
18.483084 56.466278
18.494694 56.380131
18.506304 56.303978
18.517914 56.173195
18.529524 56.122444
18.541134 56.033142
18.552744 56.010990
18.564354 56.073338
18.575964 56.087940
18.587574 56.152187
18.599184 47.309566
18.610794 39.025940
18.622404 38.786438
18.634014 37.158367
18.645624 37.291904
18.657234 32.382561
18.668844 31.500198
18.680454 31.194431
18.692063 31.469063
18.703673 30.949234
18.715283 31.834454
18.726893 31.730675
18.738503 33.916039
18.750113 36.349991
18.761723 58.333595
18.773333 58.320866
18.784943 58.642799
18.796553 58.945641
18.808163 58.959648
18.819773 59.191761
18.831383 59.250584
18.842993 59.335064
18.854603 59.315475
18.866213 59.156723
18.877823 59.353523
18.889433 59.474934
18.901043 59.719879
18.912653 59.889244
18.924263 60.122856
18.935873 60.155491
18.947483 60.130219
18.959093 59.998386
18.970703 59.705986
18.982313 59.567013
18.993923 59.476765
19.005533 59.399036
19.017143 59.313103
19.028753 59.339325
19.040363 59.558182
19.051973 160.765579
19.063583 40.874969
19.075193 37.787769
19.086803 42.240391
19.098413 42.437187
19.110023 33.761688
19.121633 33.178085
19.133243 32.872269
19.144853 32.783958
19.156463 36.210003
19.168073 36.506508
19.179683 36.825798
19.191293 61.450119
19.202902 61.765343
19.214512 61.968140
19.226122 62.132370
19.237732 62.146164
19.249342 61.941727
19.260952 61.844025
19.272562 61.592697
19.284172 31.020763
19.295782 29.002739
19.307392 32.075523
19.319002 32.053406
19.330612 31.989136
19.342222 32.170586
19.353832 62.325691
19.365442 63.196274
19.377052 62.267059
19.388662 62.229927
19.400272 61.894386
19.411882 61.848488
19.423492 61.630440
19.435102 61.430916
19.446712 61.265175
19.458322 61.291618
19.469932 61.366692
19.481542 61.566071
19.493152 61.857254
19.504762 62.173210
19.516372 62.510498
19.527982 62.726837
19.539592 62.865669
19.551202 62.960739
19.562812 63.005386
19.574422 62.997932
19.586032 62.993240
19.597642 62.969856
19.609252 62.917046
19.620862 62.875671
19.632472 62.785568
19.644082 62.566315
19.655692 61.888054
19.667302 61.468071
19.678912 61.582001
19.690522 61.358330
19.702132 61.111618
19.713741 61.207130
19.725351 60.868210
19.736961 61.166290
19.748571 60.916523
19.760181 61.034897
19.771791 61.076355
19.783401 60.811516
19.795011 61.171074
19.806621 60.810730
19.818231 60.887207
19.829841 60.747330
19.841451 60.457077
19.853061 60.648392
19.864671 60.282669
19.876281 0.000000
19.887891 41.423702
19.899501 28.051855
19.911111 32.783920
19.922721 33.855385
19.934331 160.765579
19.945941 52.674683
19.957551 18.322266
19.969161 24.215733
19.980771 39.486336
19.992381 39.206573
20.000000 31.971329
