0.034830 0.000000
0.069660 136.063019
0.092880 115.013054
0.162540 64.601273
0.267029 53.248016
0.290249 54.254299
0.452789 55.998051
0.557279 58.833740
0.638549 47.866997
0.684989 0.000000
0.719819 58.766129
0.777868 37.449757
0.870748 31.459978
0.940408 34.571362
0.986848 61.015347
1.149388 57.083908
1.195828 43.715401
1.474467 72.085716
1.509297 25.457905
1.567347 0.000000
1.602177 26.590424
1.648617 81.748314
1.857596 50.814064
1.904036 31.492496
1.950476 27.990095
1.973696 27.336370
2.031746 33.203659
2.159456 99.794853
2.229116 60.157997
2.275556 40.522041
2.298776 118.065491
2.380045 31.036228
2.426485 19.726654
2.449705 31.857456
2.472925 60.463657
2.542585 60.185253
2.589025 60.388336
2.612245 61.482933
2.647075 118.972450
2.670295 120.454033
2.705125 60.985588
2.763175 58.245552
2.890884 57.918343
2.937324 49.570374
2.995374 49.342220
3.076644 56.684269
3.123084 56.744137
3.169524 41.732731
3.250794 33.148678
3.308844 34.297752
3.587483 60.339680
3.610703 51.689766
3.633923 63.023338
3.738413 75.730515
3.784853 67.122162
3.831293 63.805645
3.889342 21.724117
3.947392 0.000000
3.970612 30.082626
4.005442 48.132034
4.051882 34.886826
4.098322 39.351723
4.179592 51.118301
4.260862 35.829208
4.295692 31.478771
4.330522 31.952240
4.353741 33.316326
4.411791 33.081448
4.446621 103.064804
4.562721 103.122330
4.760091 44.448807
4.818141 34.884174
4.980680 59.394207
5.131610 58.990673
5.259320 59.284557
5.340590 58.980511
5.363810 59.154213
5.421859 53.631550
5.456689 30.465651
5.514739 44.073082
5.572789 64.119095
5.654059 32.180412
5.700499 35.046242
5.758549 59.426579
5.781769 60.210182
6.002358 84.997986
6.037188 48.390087
6.153288 59.241482
6.455147 66.317009
6.722177 47.046566
6.745397 25.017963
6.768617 27.353195
6.838277 31.991467
6.896327 30.120125
7.024036 37.510403
7.058866 18.807079
7.128526 35.516899
7.174966 31.881546
7.302676 98.269928
7.337506 27.215414
7.372336 61.445496
7.639365 59.401169
7.674195 29.971647
7.720635 51.836048
7.825125 110.948242
7.918005 54.166973
7.976054 35.515175
8.045714 31.759945
8.068934 31.867207
8.126984 37.395714
8.161814 43.784386
8.254694 49.839966
8.428844 61.036671
8.556553 118.529335
8.649433 59.486156
8.672653 60.171089
8.695873 60.848984
8.858413 60.046379
8.962902 59.204857
9.009342 52.039825
9.032562 37.500416
9.113832 33.429947
9.183492 36.318531
9.357642 61.255871
9.415692 43.892895
9.508571 55.470631
9.555011 31.331457
9.589841 27.166058
9.624671 26.783186
9.647891 27.221889
9.694331 30.384504
9.775601 29.877853
9.880091 54.135036
9.926531 56.251080
10.042630 56.420479
10.089070 59.215084
10.193560 59.225098
10.228390 60.115688
10.298050 60.095306
10.379320 83.912659
10.460590 31.787506
10.495420 35.453751
10.681179 60.274136
10.843719 90.438271
10.948209 63.219788
11.017868 67.866142
11.041088 64.548958
11.122358 0.000000
11.168798 0.000000
11.192018 29.516708
11.250068 128.393463
11.459048 50.195869
11.505488 31.484707
11.540317 29.459732
11.575147 27.331295
11.644807 32.530876
11.679637 30.296396
11.911837 52.440235
11.946667 31.261776
11.981497 25.509590
12.004717 18.056814
12.051156 18.239349
12.167256 58.897408
12.236916 59.696236
12.434286 86.398819
12.480726 59.107254
12.631655 59.025471
12.759365 53.953239
12.829025 34.373772
12.863855 33.142082
12.910295 32.887482
13.200544 59.619160
13.223764 33.407040
13.339864 61.344761
13.363084 61.876892
13.862313 61.362728
13.931973 31.257923
14.001633 32.454029
14.036463 33.009842
14.129342 45.176861
14.199002 33.701439
14.222222 33.203377
14.315102 39.934185
14.349932 31.342283
14.384762 32.186852
14.419592 26.116682
14.454422 28.281595
14.489252 29.566204
14.524082 29.894714
14.605351 66.269585
14.628571 66.668762
14.883991 63.712147
14.918821 57.939629
14.965261 52.837948
15.104580 52.629425
15.174240 63.249229
15.267120 32.260654
15.301950 35.296017
15.429660 59.411865
15.545760 59.584183
15.580590 60.174530
15.638639 58.092892
15.870839 58.986385
16.172698 58.988190
16.300408 37.324825
16.346848 29.191189
16.370068 28.554310
16.404898 32.348595
16.428118 33.279301
16.474558 60.149525
16.706757 52.549328
16.764807 31.909121
16.788027 28.402287
16.962177 57.498936
16.997007 60.692802
17.182766 58.795132
17.240816 58.822754
17.264036 37.006989
17.426576 49.092934
17.461406 25.007246
17.519456 49.267620
17.577506 38.161522
17.658776 31.571543
17.728435 32.734150
17.751655 37.360004
17.995465 49.821434
18.030295 41.619331
18.088345 55.206024
18.158005 56.900066
18.181224 56.172287
18.285714 55.233921
18.378594 120.167747
18.413424 120.910095
18.703673 50.313576
18.726893 31.730675
18.773333 58.320866
18.889433 59.220371
19.028753 59.736130
19.075193 39.331367
19.144853 35.006641
19.179683 36.825798
19.295782 53.956078
19.342222 32.071041
19.469932 61.691635
19.504762 62.015232
19.667302 62.693882
19.841451 60.973164
19.876281 30.141335
19.899501 28.051855
19.957551 35.498474
